57 0.129591 0.276256 0.162644 0.098935
52 0.120672 0.228311 0.058762 0.063927
52 0.184680 0.228311 0.058762 0.063927
56 0.131689 0.296043 0.070304 0.041096
13 0.241868 0.248858 0.022036 0.038052
26 0.252886 0.246575 0.020986 0.042618
57 0.497901 0.132420 0.198321 0.082192
56 0.478489 0.200152 0.071354 0.035008
59 0.492130 0.125571 0.104932 0.044140
55 0.504722 0.352359 0.073452 0.028919
57 0.858867 0.277778 0.183631 0.095890
52 0.816369 0.228311 0.058762 0.063927
52 0.876180 0.228311 0.058762 0.063927
56 0.877230 0.296043 0.050367 0.038052
60 0.878279 0.267884 0.086044 0.051750
57 0.115950 0.589041 0.175236 0.100457
52 0.089717 0.543379 0.059811 0.063927
52 0.153725 0.543379 0.059811 0.063927
56 0.091815 0.612633 0.051417 0.038052
53 0.623820 0.726788 0.036726 0.050228
57 0.569255 0.717656 0.200420 0.089802