0 0.348691 0.384615 0.027225 0.058055
0 0.414660 0.384615 0.025131 0.058055
0 0.482723 0.384615 0.025131 0.058055
2 0.501047 0.331640 0.086911 0.033382
3 0.503141 0.738752 0.084817 0.043541
3 0.093717 0.575472 0.068063 0.033382
3 0.126178 0.281567 0.070157 0.031930
3 0.480628 0.166909 0.073298 0.031930
3 0.879581 0.281567 0.069110 0.031930
3 0.880105 0.574746 0.072251 0.031930
4 0.499476 0.690131 0.125654 0.047896
4 0.099476 0.534833 0.083770 0.033382
4 0.130366 0.241655 0.084817 0.030479
4 0.480628 0.126270 0.083770 0.031930
4 0.878010 0.241655 0.072251 0.030479
4 0.880105 0.534833 0.084817 0.033382
