0 0.348374 0.407915 0.025184 0.060883
0 0.412382 0.408676 0.018888 0.059361
0 0.482686 0.407915 0.025184 0.060883
0 0.547744 0.407915 0.018888 0.051750
2 0.503673 0.349315 0.088143 0.035008
3 0.505771 0.777017 0.086044 0.047184
3 0.093914 0.605023 0.068206 0.035008
3 0.126443 0.296804 0.070304 0.033486
3 0.482686 0.175038 0.073452 0.033486
3 0.884050 0.296804 0.070304 0.033486
3 0.884575 0.604262 0.073452 0.033486
4 0.502099 0.725266 0.126967 0.050228
4 0.099685 0.562405 0.083945 0.035008
4 0.130640 0.254186 0.084995 0.033486
4 0.483211 0.132420 0.084995 0.033486
4 0.882476 0.254186 0.073452 0.033486
4 0.884575 0.562405 0.086044 0.035008
9 0.903463 0.924658 0.065058 0.031963
8 0.742917 0.925419 0.092340 0.036530
