53 0.521466 0.388244 0.027225 0.065312
55 0.479581 0.343977 0.083770 0.029028
56 0.481675 0.709724 0.115183 0.063861
56 0.090052 0.563135 0.098429 0.052250
56 0.121466 0.298984 0.100524 0.052250
56 0.459686 0.194485 0.102618 0.052250
56 0.840838 0.298984 0.100524 0.052250
56 0.841361 0.562409 0.103665 0.050798
57 0.478010 0.666183 0.162304 0.066763
57 0.095812 0.526125 0.122513 0.053701
57 0.125131 0.262700 0.122513 0.052250
57 0.460209 0.158200 0.122513 0.052250
57 0.839267 0.262700 0.112042 0.052250
57 0.841885 0.526125 0.123560 0.053701
60 0.717277 0.886792 0.134031 0.072569
