54 0.450262 0.663280 0.025131 0.058055
54 0.513089 0.663280 0.025131 0.058055
55 0.471728 0.341800 0.080628 0.027576
56 0.480628 0.695936 0.115183 0.065312
56 0.089005 0.542090 0.098429 0.053701
56 0.120419 0.266328 0.100524 0.053701
56 0.459162 0.156749 0.103665 0.052250
56 0.840838 0.266328 0.100524 0.053701
56 0.841361 0.542090 0.103665 0.053701
57 0.477487 0.649492 0.163351 0.068215
57 0.094764 0.504354 0.122513 0.053701
57 0.124084 0.227866 0.122513 0.052250
57 0.459686 0.118287 0.123560 0.053701
57 0.839267 0.227866 0.112042 0.052250
57 0.841361 0.504354 0.124607 0.053701
59 0.555497 0.885341 0.139267 0.078374
