16 0.513089 0.662554 0.025131 0.056604
54 0.450262 0.664006 0.025131 0.056604
55 0.479581 0.343977 0.083770 0.029028
56 0.481675 0.709724 0.115183 0.063861
56 0.090052 0.563135 0.098429 0.052250
56 0.121466 0.298984 0.100524 0.052250
56 0.459686 0.194485 0.102618 0.052250
56 0.840838 0.298984 0.100524 0.052250
56 0.841361 0.562409 0.103665 0.050798
57 0.478010 0.666183 0.162304 0.066763
57 0.095812 0.526125 0.122513 0.053701
57 0.125131 0.262700 0.122513 0.052250
57 0.460209 0.158200 0.122513 0.052250
57 0.839267 0.262700 0.112042 0.052250
57 0.841885 0.526125 0.123560 0.053701
62 0.877487 0.891147 0.140314 0.075472
61 0.718848 0.921626 0.084817 0.031930