0 0.346800 0.355403 0.024134 0.059361
0 0.416055 0.355403 0.026233 0.059361
0 0.483211 0.355403 0.026233 0.059361
0 0.548269 0.355403 0.024134 0.059361
0 0.582896 0.358447 0.024134 0.053272
1 0.512592 0.647641 0.024134 0.059361
1 0.449633 0.649163 0.024134 0.059361
2 0.479014 0.312785 0.082896 0.031963
3 0.480588 0.696347 0.115425 0.065449
3 0.089192 0.542618 0.098636 0.056317
3 0.120147 0.266362 0.099685 0.054795
3 0.459077 0.156773 0.103882 0.054795
3 0.840504 0.266362 0.100735 0.054795
3 0.841028 0.541857 0.103882 0.054795
4 0.477964 0.649924 0.162644 0.070015
4 0.094439 0.503805 0.121721 0.054795
4 0.124344 0.228311 0.122770 0.054795
4 0.459077 0.118721 0.122770 0.054795
4 0.839454 0.228311 0.111228 0.054795
4 0.841553 0.503805 0.123820 0.054795
6 0.582 0.942 0.155 0.075
7 0.751 0.942 0.155 0.075
9 0.920 0.942 0.155 0.075
