54 0.452781 0.647641 0.026233 0.059361
54 0.513641 0.649163 0.024134 0.059361
55 0.479014 0.312785 0.082896 0.031963
56 0.480588 0.696347 0.115425 0.065449
56 0.089192 0.542618 0.098636 0.056317
56 0.120147 0.266362 0.099685 0.054795
56 0.459077 0.156773 0.103882 0.054795
56 0.840504 0.266362 0.100735 0.054795
56 0.841028 0.541857 0.103882 0.054795
57 0.477964 0.649924 0.162644 0.070015
57 0.094439 0.503805 0.121721 0.054795
57 0.124344 0.228311 0.122770 0.054795
57 0.459077 0.118721 0.122770 0.054795
57 0.839454 0.228311 0.111228 0.054795
57 0.841553 0.503805 0.123820 0.054795
61 0.716159 0.885845 0.139559 0.079148
59 0.558762 0.917808 0.084995 0.033486
63 0.896642 0.917808 0.095488 0.030441