1 0.450262 0.662554 0.025131 0.056604
1 0.513089 0.664006 0.025131 0.056604
2 0.479581 0.343977 0.083770 0.029028
3 0.481675 0.709724 0.115183 0.063861
3 0.090052 0.563135 0.098429 0.052250
3 0.121466 0.298984 0.100524 0.052250
3 0.459686 0.194485 0.102618 0.052250
3 0.840838 0.298984 0.100524 0.052250
3 0.841361 0.562409 0.103665 0.050798
4 0.478010 0.666183 0.162304 0.066763
4 0.095812 0.526125 0.122513 0.053701
4 0.125131 0.262700 0.122513 0.052250
4 0.460209 0.158200 0.122513 0.052250
4 0.839267 0.262700 0.112042 0.052250
4 0.841885 0.526125 0.123560 0.053701
6 0.582 0.942 0.155 0.075
7 0.751 0.942 0.155 0.075
9 0.920 0.942 0.155 0.075
