0 0.349738 0.384615 0.027225 0.058055
0 0.427225 0.380987 0.020942 0.044993
0 0.481675 0.384615 0.025131 0.058055
0 0.548691 0.384615 0.025131 0.058055
2 0.479058 0.313498 0.084817 0.031930
3 0.480628 0.695936 0.115183 0.065312
3 0.089005 0.542090 0.098429 0.053701
3 0.120419 0.266328 0.100524 0.053701
3 0.459162 0.156749 0.103665 0.052250
3 0.840838 0.266328 0.100524 0.053701
3 0.841361 0.542090 0.103665 0.053701
4 0.477487 0.649492 0.163351 0.068215
4 0.094764 0.504354 0.122513 0.053701
4 0.124084 0.227866 0.122513 0.052250
4 0.459686 0.118287 0.123560 0.053701
4 0.839267 0.227866 0.112042 0.052250
4 0.841361 0.504354 0.124607 0.053701
6 0.582 0.942 0.155 0.075
7 0.751 0.942 0.155 0.075
9 0.920 0.942 0.155 0.075
